27,49
27,48
27,47
27,46
27,45
27,44
27,43
27,42
27,41
27,40
27,39
27,38
27,37
27,36
27,35
0,487
51,4
51,3
51,2
51,1
51,0
50,3
50,2
50,1
50,0
49,3
49,2
49,1
49,0
0,486
0,485
0,484
0,483
0,482
0,481
0,480
48,4
48,3
48,2
0,479
48,1
48,0
0,478
0,477
0,476
0,475
0,474
0,473
0,472
0,471
47,4
47,3
47,2
47,1
47,0
0,470
0,469
46,4
46,3
46,2
46,1
46,0
0,468
45,5
45,4
45,3
45,2
45,1
45,0
44,4
44,3
44,2
44,1
44,0
43,3
43,2
43,1
43,0
0,467
14,5
14,4
14,2
14,0
42,5
42,4
42,3
42,2
42,1
42,0
0,466
0,465
0,464
0,463
0,462
0,461
41,4
41,3
41,2
41,1
41,0
0,460
35,4
0,459
0,458
0,457
0,456
0,455
0,454
0,453
0,452
0,451
0,450
0,449
0,448
0,447
40,5
40,4
40,3
40,2
0,446
0,445
40,1
40,0
0,444
0,443
0,442
0,441
0,440
0,439
0,438
0,437
0,436
0,435
